[ 0.07889285  0.04653931  0.00127617  0.00091273  0.00499134  0.00062068
   0.00195369  0.00401757  0.0021981   0.00081952  0.00215457  0.00279542
   0.00215457  0.00215457  0.00215457  0.00061065  0.00067242  0.00067242
   0.00067242  0.00067242  0.00081081  0.00076582  0.00200018  0.00212826
   0.00070316  0.00070316  0.00070316  0.00203794  0.00062181  0.00547266
   0.00228596  0.0026423   0.00094245  0.00258508  0.04404026  0.00390093
   0.00070473  0.00048856  0.00195369  0.00058036  0.00441244  0.00852984
   0.00141152  0.00136066  0.00826194  0.00109276  0.00145354  0.0089561
   0.00097192  0.00097192  0.00826194  0.00852984  0.00097192  0.00131713
   0.00087131  0.00109276  0.00857502  0.00104924  0.00048856  0.00104924
   0.00048856  0.00104924  0.00048856  0.00104924  0.00104924  0.00063313
   0.00097192  0.00075646  0.00048856  0.00097192  0.00070331  0.00097192
   0.00138423  0.00065775  0.00065775  0.00060622  0.00097192  0.00414551
   0.00098377  0.00052948  0.00052948  0.00097352  0.00098155  0.00054418
   0.00051291  0.00051291  0.00051291  0.00051291  0.00054418  0.0005523
   0.00051577  0.00067402  0.00071494  0.00085171  0.00064437  0.00221125
   0.00067402  0.00922898  0.00097885  0.0036952   0.00131034  0.00078342
   0.00048856  0.0005732   0.00050175  0.00050175  0.00050175  0.00050175
   0.00050175  0.00050175  0.00050175  0.00050175  0.00050175  0.00050175
   0.00050175  0.00050175  0.00050175  0.00050175  0.00050175  0.00050175
   0.00050175  0.00050175  0.00050175  0.00050175  0.00050175  0.00079161
   0.00050175  0.00050175  0.00050175  0.00050175  0.00050175  0.00050175
   0.00050175  0.00050175  0.00050175  0.00050175  0.00050175  0.00050175
   0.00050175  0.00050175  0.00050175  0.00050175  0.00050175  0.00050175
   0.00050175  0.00050175  0.00050175  0.00050175  0.00050175  0.00050175
   0.00050175  0.00050175  0.00050175  0.00050175  0.00227336  0.04653931
   0.04653931  0.00048856  0.00048856  0.00048856  0.00048856  0.00101374
   0.00356681  0.00356681  0.00543693  0.00194403  0.00194403  0.00194403
   0.00194403  0.00194403  0.00194403  0.00214262  0.00194403  0.00194403
   0.00194403  0.00232678  0.00194403  0.00075646  0.04707905  0.00082589
   0.00056593  0.00082589  0.00119057  0.00048856  0.00063803  0.04799477
   0.00051291  0.0005345   0.0014593   0.00052631  0.00048856  0.00090203
   0.00064851  0.00048856  0.00048856  0.04653931  0.00647763  0.00084637
   0.00048856  0.04653931  0.00056373  0.00106127  0.00555026  0.00118134
   0.00078342  0.00110884  0.00537615  0.00086937  0.00549681  0.00073447
   0.00073447  0.0007749   0.01166913  0.00069098  0.00069098  0.00069098
   0.00069098  0.00069098  0.00069098  0.00069098  0.00069098  0.00069098
   0.00069098  0.00069098  0.00069098  0.00069098  0.00069098  0.00069098
   0.00069098  0.00069098  0.00069098  0.00069098  0.00069098  0.00069098
   0.00069098  0.00069098  0.00069098  0.00069098  0.00069098  0.00069098
   0.00069098  0.00069098  0.00069098  0.00069098  0.00069098  0.00069098
   0.00069098  0.00069098  0.00069098  0.00069098  0.00069098  0.00863046
   0.00052624  0.00179513  0.00179513  0.00067929  0.00193484  0.00138398
   0.00067929  0.00179513  0.00053658  0.04653931  0.00048856  0.0468072
   0.00950158  0.00362668  0.00441104  0.00078768  0.00089172  0.00118331
   0.00078768  0.00083898  0.0008449   0.0010555   0.00149727  0.00083919
   0.00078768  0.00078768  0.00078768  0.00497691  0.00071121  0.00071121
   0.00048856  0.00497691  0.0057771   0.00122738  0.00073409  0.00073409
   0.00073409  0.00095674  0.00099005  0.00054867  0.00071231  0.00073409
   0.00076423  0.00053187  0.00076423  0.00053187  0.00053181  0.00068741
   0.00068741  0.00068741  0.00068741  0.00068741  0.00841901  0.00541086
   0.00119345  0.00346375  0.00068484  0.00053197  0.00071498  0.00679985
   0.00247787  0.00125401  0.00062662  0.00062662  0.00063059  0.00062662
   0.00062662  0.00070473  0.00091282  0.00091282  0.00091282  0.00091282
   0.00091282  0.00420542  0.00057076  0.00071121]